##############################################################3

-O3 flag

naive with SSE:             cblas:

                    512                         
    1. 0.265497             0.051555
    2. 0.253130             0.113974
    3. 0.216336             0.046352
    4. 0.241286             0.116725
    5. 0.246463             0.073307
AVG    0.24                 0.6

                    1024
    1. 0.824963             0.309114
    2. 0.823535             0.316166
    3. 0.821999             0.356226
    4. 0.823796             0.323698
    5. 0.825248             0.316718
AVG    0.82                 0.32

                    2048
    1. 6.175330             2.280819
    2. 6.115583             2.207870
    3. 6.135021             2.247314
    4. 6.133591             2.235683
    5. 6.227220             2.239717
AVG    6.1                  2.2

                    4096
    1. 49.333585            17.636490
    2. 49.556021            17.627057
    3. 49.094315            17.357605
    4. 49.707701            17.400506
    5. 49.812201            17.448083
AVG    49.4                 17.5
                    8192
    1. 394.025400           139.397941    
    2. 395.421872           138.814670
AVG     394.5               138.5

* strassen algotithm time on 8192 is 334.412402
that means that assymptotically it's starting to be better on higher sizes

##############################################################3

-g flag

naive with SSE:             cblas:

                    512                         
    1. 0.884671             SAME
    2. 0.911688             
    3. 0.902239             
    4. 0.907477             
    5. 0.873777             
AVG    0.9

                    1024
    1. 6.101276             
    2. 6.194839             
    3. 6.169265             
    4. 6.173574             
    5. 6.164625             
AVG    6.15

                    2048
    1. 48.988397             
    2. 49.290029             
    3. 49.312452             
    4. 49.112125             
    5. 49.254612             
AVG    49.4

                    4096
    1. 390.397800                   
    2. 390.854320                     
AVG    390.5

##############################################################3

naive with SSE -O3 flag

                    4096
VM(ubuntu 18.04)                docker(ubuntu 16.04)
    1. 51.882185                1. 50.658930
    2. 52.546380                2. 49.607176
    3. 57.841173                3. 49.765584
    4. 52.569360                4. 50.569231
    5. 51.885430                5. 49.826873
AVG    54                          49.8
