process,                4,      2,      1
400'000 * 1'000'000,    359,    507,  1594
10'000 * 1'000'000,     13,     17,     29
100 * 10'000'000,       38,     22,     4
10 * 100'000'000,       362,    202,    2


SIZE = 100'000
iteration/process,       4,      2,      1
10                      0.001   0.02    0.02
100                     0.01    0.02    0.2
1000                    0.18    0.3     1.7
10000                   1.75    3       25
50000                   4.3     8       137
100000                  13      28      269


